NAME: Graph
TYPE: TSP
DIMENSION: 20
EDGE_WEIGHT_TYPE: EXPLICIT
EDGE_WEIGHT_FORMAT: FULL_MATRIX
EDGE_WEIGHT_SECTION
0 21 10 15 17 13 36 42 37 60 68 73 0 74 0 0 0 91 0 0
21 0 14 8 8 26 54 0 43 0 0 0 0 62 0 0 0 86 0 101
10 14 0 6 7 12 40 43 33 60 69 70 0 64 0 0 0 83 0 0
15 8 6 0 2 18 0 0 36 0 73 0 0 61 0 0 0 0 0 0
17 8 7 2 0 19 47 48 35 65 73 0 0 59 0 83 89 81 0 0
13 26 12 18 19 0 28 30 24 48 56 0 74 0 0 0 80 0 0 0
36 54 40 0 47 28 0 13 29 29 35 46 57 0 0 0 0 0 79 0
42 0 43 0 48 30 13 0 21 18 26 34 46 0 44 51 0 0 0 0
37 43 33 36 35 24 29 21 0 32 41 38 53 52 47 49 0 57 69 0
60 0 60 0 65 48 29 18 32 0 8 19 28 0 29 37 0 0 50 53
68 0 69 73 73 56 35 26 41 8 0 19 23 83 27 37 0 70 47 52
73 0 70 0 0 0 46 34 38 19 19 0 15 0 10 18 29 52 33 34
0 0 0 0 0 74 57 46 53 28 23 15 0 0 11 21 31 0 24 34
74 62 64 61 59 0 0 0 52 0 83 0 0 0 72 64 61 34 83 64
0 0 0 0 0 0 0 44 47 29 27 10 11 72 0 11 22 49 22 25
0 0 0 0 83 0 0 51 49 37 37 18 21 64 11 0 11 39 21 15
0 0 0 0 89 80 0 0 0 0 0 29 31 61 22 11 0 32 22 5
91 86 83 0 81 0 0 0 57 0 70 52 0 34 49 39 32 0 54 33
0 0 0 0 0 0 79 0 69 50 47 33 24 83 22 21 22 54 0 21
0 101 0 0 0 0 0 0 0 53 52 34 34 64 25 15 5 33 21 0
EOF
