NAME: Graph
TYPE: TSP
DIMENSION: 100
EDGE_WEIGHT_TYPE: EXPLICIT
NODE_COORD_TYPE: TWOD_COORDS
EDGE_WEIGHT_FORMAT: FULL_MATRIX
NODE_COORD_SECTION
1 0.0 23.0
2 1.0 8.0
3 3.0 42.0
4 3.0 98.0
5 5.0 54.0
6 6.0 80.0
7 7.0 87.0
8 8.0 72.0
9 9.0 57.0
10 10.0 45.0
11 10.0 51.0
12 11.0 85.0
13 13.0 31.0
14 14.0 32.0
15 14.0 46.0
16 14.0 62.0
17 14.0 73.0
18 15.0 0.0
19 17.0 12.0
20 17.0 35.0
21 20.0 1.0
22 20.0 61.0
23 22.0 54.0
24 23.0 3.0
25 24.0 77.0
26 25.0 14.0
27 25.0 15.0
28 27.0 60.0
29 28.0 48.0
30 28.0 62.0
31 28.0 78.0
32 28.0 91.0
33 29.0 48.0
34 32.0 99.0
35 33.0 67.0
36 33.0 78.0
37 34.0 26.0
38 34.0 76.0
39 34.0 89.0
40 36.0 1.0
41 36.0 49.0
42 38.0 33.0
43 38.0 42.0
44 39.0 5.0
45 40.0 0.0
46 42.0 39.0
47 44.0 14.0
48 44.0 98.0
49 45.0 30.0
50 45.0 59.0
51 46.0 19.0
52 47.0 53.0
53 49.0 10.0
54 50.0 66.0
55 50.0 85.0
56 50.0 97.0
57 51.0 66.0
58 51.0 91.0
59 52.0 39.0
60 52.0 45.0
61 53.0 3.0
62 53.0 22.0
63 53.0 66.0
64 55.0 43.0
65 56.0 62.0
66 57.0 63.0
67 59.0 52.0
68 61.0 85.0
69 62.0 20.0
70 62.0 64.0
71 65.0 21.0
72 67.0 23.0
73 68.0 5.0
74 68.0 55.0
75 69.0 77.0
76 70.0 48.0
77 72.0 1.0
78 72.0 40.0
79 72.0 83.0
80 73.0 25.0
81 73.0 96.0
82 74.0 73.0
83 74.0 96.0
84 78.0 71.0
85 79.0 4.0
86 82.0 59.0
87 82.0 69.0
88 84.0 63.0
89 85.0 31.0
90 85.0 34.0
91 86.0 57.0
92 87.0 70.0
93 91.0 63.0
94 93.0 13.0
95 93.0 62.0
96 95.0 9.0
97 96.0 58.0
98 96.0 87.0
99 96.0 97.0
100 97.0 18.0
EDGE_WEIGHT_SECTION
10000000.0 15.033296378372908 19.235384061671343 75.05997601918082 31.400636936215164 57.3149195236284 64.38167441127949 49.64876634922564 35.17101079013795 24.166091947189145 29.732137494637012 62.96824596572466 15.264337522473747 16.64331697709324 26.92582403567252 41.43669871020132 51.92301994298868 27.459060435491963 20.248456731316587 20.808652046684813 29.732137494637012 42.941821107167776 38.01315561749642 30.479501308256342 59.09314681077663 26.570660511172846 26.248809496813376 45.803929962395145 37.53664875824692 48.010415536631214 10000000.0 73.53910524340094 38.28837943815329 82.46211251235322 55.0 64.1404708432983 34.132096331752024 62.96824596572466 10000000.0 42.190046219457976 44.40720662234904 39.293765408777 42.485291572496 42.95346318982906 46.14108798023731 44.94441010848846 44.91102314577124 10000000.0 45.5411901469428 57.62811813689564 46.17358552246078 55.758407437802596 50.695167422546305 10000000.0 10000000.0 10000000.0 10000000.0 10000000.0 54.405882034941776 10000000.0 56.64803615307419 53.009433122794285 10000000.0 58.52349955359813 10000000.0 10000000.0 10000000.0 10000000.0 62.07253821135398 10000000.0 65.03076195155643 67.0 70.3420215802759 10000000.0 10000000.0 10000000.0 75.28612089887484 10000000.0 10000000.0 73.02739212103907 10000000.0 10000000.0 10000000.0 10000000.0 81.25269226308751 10000000.0 10000000.0 10000000.0 10000000.0 10000000.0 10000000.0 10000000.0 10000000.0 10000000.0 10000000.0 96.0260381354974 10000000.0 10000000.0 10000000.0 97.12878049270464 
15.033296378372908 10000000.0 34.058772731852805 90.0222194794152 46.17358552246078 72.17340230306452 79.22752047110903 64.38167441127949 49.64876634922564 38.07886552931954 43.93176527297759 77.64663547121665 25.942243542145693 27.294688127912362 40.162171256046406 55.54277630799526 66.2872536767062 16.1245154965971 16.492422502470642 31.38470965295043 20.248456731316587 56.302753041036986 50.566787519082126 22.561028345356956 10000000.0 24.73863375370596 25.0 58.137767414994535 48.25971404805462 60.37383539249432 75.02666192761077 10000000.0 48.82622246293481 10000000.0 67.11929677819934 76.96752561957543 37.589892258425 75.58438992278762 10000000.0 35.6931365951495 53.907327887774215 44.654227123532216 50.24937810560445 38.118237105091836 39.81205847478876 51.40038910358559 43.41658669218482 10000000.0 49.193495504995376 67.35725647619564 46.32493928760188 64.35060217278468 48.041648597857254 10000000.0 10000000.0 10000000.0 10000000.0 10000000.0 59.682493245507096 63.00793600809346 52.23983154643591 53.85164807134504 10000000.0 64.35060217278468 10000000.0 10000000.0 10000000.0 10000000.0 62.16912416947821 10000000.0 65.30696746902278 67.68308503607086 67.06713054842886 10000000.0 10000000.0 10000000.0 71.34423592694787 10000000.0 10000000.0 73.97972695272672 10000000.0 10000000.0 10000000.0 10000000.0 78.10249675906654 10000000.0 10000000.0 10000000.0 10000000.0 10000000.0 10000000.0 10000000.0 10000000.0 92.13576938409967 10000000.0 94.00531899844816 10000000.0 10000000.0 10000000.0 96.51942809610924 
19.235384061671343 34.058772731852805 10000000.0 56.0 12.165525060596439 38.118237105091836 45.17742799230607 30.4138126514911 16.15549442140351 7.615773105863909 11.40175425099138 43.73785545725808 14.866068747318506 14.866068747318506 11.704699910719626 22.825424421026653 32.89376840679705 43.68065933568311 33.1058907144937 15.652475842498529 44.384682042344295 25.495097567963924 22.47220505424423 43.829214001622255 40.8166632639171 35.608987629529715 34.828149534535996 30.0 25.709920264364882 32.01562118716424 43.829214001622255 55.00909015790027 26.68332812825267 63.953107821277925 39.05124837953327 46.861498055439924 34.88552708502482 46.010868281309364 56.302753041036986 52.630789467763066 33.734255586866 36.138621999185304 35.0 51.62363799656123 55.97320787662612 39.11521443121589 49.64876634922564 69.40461079784254 43.68065933568311 45.31004303683677 48.76474136094644 45.35416188179427 56.0357029044876 52.773099207835045 10000000.0 72.34638899074369 53.665631459994955 10000000.0 49.09175083453431 49.09175083453431 63.41135544995076 53.85164807134504 10000000.0 52.009614495783374 10000000.0 10000000.0 10000000.0 10000000.0 62.96824596572466 10000000.0 65.45991139621256 10000000.0 74.79304780526061 10000000.0 10000000.0 10000000.0 10000000.0 10000000.0 10000000.0 10000000.0 10000000.0 10000000.0 10000000.0 10000000.0 10000000.0 10000000.0 10000000.0 10000000.0 10000000.0 10000000.0 10000000.0 10000000.0 10000000.0 10000000.0 10000000.0 10000000.0 10000000.0 10000000.0 10000000.0 10000000.0 
75.05997601918082 90.0222194794152 56.0 10000000.0 44.04543109109048 18.24828759089466 11.704699910719626 26.476404589747453 41.43669871020132 53.46026561849464 47.51841748206689 15.264337522473747 67.7421582177598 66.91038783328041 53.150729063673246 37.64306044943742 27.313000567495326 98.73196037757987 87.13208364316786 64.53681120105021 98.47842403288143 40.718546143004666 47.92702786528704 97.082439194738 29.698484809834994 86.83317338436964 85.86617494683223 44.94441010848846 55.90169943749474 43.829214001622255 32.01562118716424 25.96150997149434 56.356011214421486 29.017236257093817 43.139309220245984 36.05551275463989 78.39005038906404 38.01315561749642 32.28002478313795 10000000.0 59.07622195096772 10000000.0 66.03786792439622 10000000.0 10000000.0 10000000.0 10000000.0 41.0 10000000.0 57.3149195236284 10000000.0 62.93647591023825 10000000.0 56.859475903318 48.76474136094644 47.01063709417264 57.688820407423826 48.507731342539614 76.69419795525604 10000000.0 10000000.0 10000000.0 59.36328831862332 10000000.0 64.07027391856539 10000000.0 72.47068372797375 59.43904440685432 10000000.0 10000000.0 10000000.0 10000000.0 10000000.0 10000000.0 69.26037828369117 10000000.0 10000000.0 10000000.0 70.61161377563892 10000000.0 70.02856560004639 75.27283706623525 71.02816342831905 79.71198153351854 10000000.0 10000000.0 84.15461959987698 10000000.0 10000000.0 10000000.0 10000000.0 10000000.0 10000000.0 10000000.0 10000000.0 10000000.0 10000000.0 93.64827814754524 93.00537618869137 10000000.0 
31.400636936215164 46.17358552246078 12.165525060596439 44.04543109109048 10000000.0 26.019223662515376 33.06055050963308 18.24828759089466 5.0 10.295630140987 5.830951894845301 31.575306807693888 24.351591323771842 23.769728648009426 12.041594578792296 12.041594578792296 21.02379604162864 54.91812087098393 43.68065933568311 22.47220505424423 55.08175741568164 16.55294535724685 17.0 54.08326913195984 29.832867780352597 44.721359549995796 43.829214001622255 22.80350850198276 23.769728648009426 24.351591323771842 33.24154027718932 43.56604182158393 24.73863375370596 52.478567053607705 30.870698080866262 36.87817782917155 40.311288741492746 36.40054944640259 45.45327270945405 61.40032573203501 31.400636936215164 39.11521443121589 35.11409973215888 59.64059020499378 64.35060217278468 39.92492955535426 55.86591089385369 58.7962583843564 46.647615158762406 40.311288741492746 53.907327887774215 42.01190307520001 62.22539674441618 46.57252408878007 54.644304369257 62.24146527838174 47.53945729601885 59.033888572581766 10000000.0 10000000.0 70.03570517957252 57.688820407423826 49.47726750741192 51.19570294468082 10000000.0 52.773099207835045 54.037024344425184 10000000.0 10000000.0 10000000.0 10000000.0 10000000.0 10000000.0 10000000.0 10000000.0 10000000.0 10000000.0 10000000.0 10000000.0 10000000.0 10000000.0 10000000.0 10000000.0 10000000.0 10000000.0 10000000.0 10000000.0 10000000.0 10000000.0 10000000.0 10000000.0 10000000.0 10000000.0 10000000.0 10000000.0 10000000.0 10000000.0 10000000.0 10000000.0 10000000.0 
57.3149195236284 72.17340230306452 38.118237105091836 18.24828759089466 26.019223662515376 10000000.0 7.0710678118654755 8.246211251235321 23.194827009486403 35.22782990761707 29.274562336608895 7.0710678118654755 49.49747468305833 48.662100242385755 34.92849839314596 19.697715603592208 10.63014581273465 80.50465825031493 68.8839603971781 46.32493928760188 80.23091673413684 23.600847442411894 30.528675044947494 78.85429601486528 18.24828759089466 68.6804193347711 67.72001181334805 29.0 38.8329756778952 28.42534080710379 22.090722034374522 24.596747752497688 39.408120990476064 32.202484376209235 29.966648127543394 27.073972741361768 10000000.0 28.284271247461902 29.410882339705484 10000000.0 43.139309220245984 10000000.0 49.678969393496885 10000000.0 10000000.0 54.56189146281496 10000000.0 42.04759208325728 10000000.0 44.294469180700204 10000000.0 49.09175083453431 10000000.0 46.17358552246078 44.28317965096906 47.16990566028302 47.12748667179272 46.32493928760188 61.61980201201558 10000000.0 10000000.0 10000000.0 49.040799340956916 10000000.0 53.14132102234569 53.75872022286245 10000000.0 55.226805085936306 10000000.0 10000000.0 10000000.0 10000000.0 10000000.0 10000000.0 63.071388124885914 10000000.0 10000000.0 10000000.0 66.06814663663572 10000000.0 68.8839603971781 68.3593446428504 69.85699678629192 10000000.0 10000000.0 10000000.0 10000000.0 10000000.0 10000000.0 10000000.0 10000000.0 10000000.0 10000000.0 10000000.0 10000000.0 10000000.0 10000000.0 10000000.0 91.59148432032315 10000000.0 
64.38167441127949 79.22752047110903 45.17742799230607 11.704699910719626 33.06055050963308 7.0710678118654755 10000000.0 15.033296378372908 30.066592756745816 42.1070065428546 36.124783736376884 4.47213595499958 56.32051136131489 55.44366510251645 41.593268686170845 25.96150997149434 15.652475842498529 87.36704184073076 75.66372975210778 52.952809179494906 86.97700845625813 29.068883707497267 36.24913792078372 85.5102333057278 19.72308292331602 10000000.0 74.21590126111789 33.60059523282288 44.294469180700204 32.64965543462902 22.847319317591726 21.37755832643195 44.77722635447622 27.730849247724095 32.802438933713454 27.51363298439521 66.70832032063167 29.154759474226502 27.073972741361768 10000000.0 47.80167361086848 62.26556030423239 54.644304369257 10000000.0 10000000.0 10000000.0 10000000.0 38.600518131237564 10000000.0 47.20169488482379 10000000.0 52.49761899362675 10000000.0 47.853944456021594 43.04648650006177 44.14748010928823 48.75448697299562 44.181444068749045 10000000.0 10000000.0 10000000.0 10000000.0 50.566787519082126 10000000.0 10000000.0 10000000.0 10000000.0 54.037024344425184 10000000.0 10000000.0 10000000.0 10000000.0 10000000.0 10000000.0 62.80127387243033 10000000.0 10000000.0 10000000.0 65.12296062065974 10000000.0 66.61080993352356 68.4470598345904 67.60177512462228 72.78049189171504 10000000.0 10000000.0 10000000.0 10000000.0 10000000.0 10000000.0 10000000.0 10000000.0 10000000.0 10000000.0 10000000.0 10000000.0 10000000.0 89.0 89.56003573022959 10000000.0 
49.64876634922564 64.38167441127949 30.4138126514911 26.476404589747453 18.24828759089466 8.246211251235321 15.033296378372908 10000000.0 15.033296378372908 27.073972741361768 21.095023109728988 13.341664064126334 41.30375285612676 40.44749683231337 26.68332812825267 11.661903789690601 6.082762530298219 72.3394774656273 60.67124524847005 38.07886552931954 72.00694410957877 16.278820596099706 22.80350850198276 70.61161377563892 16.76305461424021 60.440052945046304 59.481089431852205 22.47220505424423 31.240998703626616 22.360679774997898 20.8806130178211 27.586228448267445 31.89043743820395 36.124783736376884 25.495097567963924 25.709920264364882 52.839379254491625 26.30589287593181 31.064449134018133 76.32168761236873 36.235341863986875 49.20365840057018 42.42640687119285 10000000.0 10000000.0 47.38143096192854 10000000.0 44.40720662234904 55.97320787662612 39.21734310225516 10000000.0 43.382023926967726 10000000.0 42.42640687119285 43.965895873961216 48.877397639399746 43.41658669218482 47.01063709417264 55.0 10000000.0 10000000.0 10000000.0 45.39823785126467 10000000.0 49.03060268852505 10000000.0 10000000.0 54.57105459856901 10000000.0 10000000.0 10000000.0 10000000.0 10000000.0 10000000.0 61.204574992397426 10000000.0 10000000.0 10000000.0 10000000.0 10000000.0 69.28924880528002 10000000.0 70.22819946431775 10000000.0 10000000.0 10000000.0 10000000.0 10000000.0 10000000.0 10000000.0 10000000.0 10000000.0 10000000.0 10000000.0 10000000.0 10000000.0 10000000.0 10000000.0 91.48223871331527 10000000.0 
35.17101079013795 49.64876634922564 16.15549442140351 41.43669871020132 5.0 23.194827009486403 30.066592756745816 15.033296378372908 10000000.0 12.041594578792296 6.082762530298219 28.071337695236398 26.30589287593181 25.495097567963924 12.083045973594572 7.0710678118654755 16.76305461424021 57.3149195236284 45.70557952810576 23.40939982143925 57.0701322935211 11.704699910719626 13.341664064126334 55.78530272392541 25.0 45.880278987817846 44.94441010848846 18.24828759089466 21.02379604162864 19.6468827043885 28.319604517012593 38.948684188300895 21.93171219946131 47.885279575251516 26.0 31.89043743820395 39.824615503479755 31.400636936215164 40.607881008493905 62.16912416947821 28.160255680657446 37.64306044943742 32.64965543462902 10000000.0 64.88451279003334 37.589892258425 55.44366510251645 53.907327887774215 45.0 36.05551275463989 53.03772242470448 38.2099463490856 61.71709649683789 41.97618372363071 49.64876634922564 57.28001396647874 42.95346318982906 54.037024344425184 46.61544808322666 10000000.0 10000000.0 56.22277118748239 44.91102314577124 10000000.0 10000000.0 10000000.0 10000000.0 59.0592922409336 10000000.0 53.46026561849464 10000000.0 10000000.0 10000000.0 10000000.0 10000000.0 10000000.0 10000000.0 10000000.0 10000000.0 10000000.0 74.94664769020693 10000000.0 10000000.0 10000000.0 10000000.0 10000000.0 10000000.0 10000000.0 10000000.0 10000000.0 10000000.0 10000000.0 10000000.0 10000000.0 10000000.0 10000000.0 10000000.0 10000000.0 10000000.0 10000000.0 
24.166091947189145 38.07886552931954 7.615773105863909 53.46026561849464 10.295630140987 35.22782990761707 42.1070065428546 27.073972741361768 12.041594578792296 10000000.0 6.0 40.01249804748511 14.317821063276353 13.601470508735444 4.123105625617661 17.46424919657298 28.284271247461902 45.27692569068709 33.734255586866 12.206555615733702 45.12205669071391 18.867962264113206 15.0 43.965895873961216 34.92849839314596 34.438350715445125 33.54101966249684 22.67156809750927 18.24828759089466 24.758836806279895 37.589892258425 49.39635614091387 19.235384061671343 58.309518948453004 31.827660925679098 40.22437072223753 30.610455730027933 39.20459156782532 50.11985634456667 51.10772935672255 26.30589287593181 30.463092423455635 28.160255680657446 49.4064773081425 54.08326913195984 32.55764119219941 46.010868281309364 62.96824596572466 38.07886552931954 37.69615364994153 44.40720662234904 37.8549864614954 52.40229002629561 45.17742799230607 56.568542494923804 65.60487786742691 46.06517122512408 61.61980201201558 42.42640687119285 42.0 60.108235708594876 48.76474136094644 47.853944456021594 10000000.0 10000000.0 10000000.0 10000000.0 10000000.0 57.697486947006624 10000000.0 10000000.0 10000000.0 10000000.0 10000000.0 10000000.0 10000000.0 10000000.0 10000000.0 10000000.0 10000000.0 10000000.0 10000000.0 10000000.0 10000000.0 10000000.0 10000000.0 10000000.0 10000000.0 10000000.0 10000000.0 10000000.0 10000000.0 10000000.0 10000000.0 10000000.0 92.30926280715278 10000000.0 10000000.0 10000000.0 10000000.0 
29.732137494637012 43.93176527297759 11.40175425099138 47.51841748206689 5.830951894845301 29.274562336608895 36.124783736376884 21.095023109728988 6.082762530298219 6.0 10000000.0 34.0147027033899 20.223748416156685 19.4164878389476 6.4031242374328485 11.704699910719626 22.360679774997898 51.24451190127583 39.6232255123179 17.46424919657298 50.99019513592785 14.142135623730951 12.36931687685298 49.72926703662542 29.5296461204668 39.92492955535426 39.0 19.235384061671343 18.24828759089466 21.095023109728988 32.449961479175904 43.86342439892262 19.235384061671343 52.80151512977634 28.0178514522438 35.4682957019364 34.655446902326915 34.655446902326915 44.94441010848846 56.356011214421486 26.076809620810597 33.28663395418648 29.410882339705484 54.378304497290095 59.16924876994806 34.17601498127012 50.24937810560445 58.008620049092706 40.8166632639171 35.90264614203248 48.16637831516918 10000000.0 56.586217403180434 42.720018726587654 52.49761899362675 60.959002616512684 43.657759905886145 57.28001396647874 43.68065933568311 10000000.0 64.4437739428721 51.86520991955976 45.5411901469428 45.70557952810576 47.29693436154187 48.507731342539614 10000000.0 10000000.0 10000000.0 10000000.0 62.64982043070834 10000000.0 10000000.0 10000000.0 10000000.0 10000000.0 10000000.0 10000000.0 10000000.0 10000000.0 77.42092740338364 10000000.0 10000000.0 10000000.0 10000000.0 10000000.0 10000000.0 10000000.0 10000000.0 10000000.0 10000000.0 10000000.0 10000000.0 10000000.0 10000000.0 10000000.0 10000000.0 10000000.0 10000000.0 10000000.0 
62.96824596572466 77.64663547121665 43.73785545725808 15.264337522473747 31.575306807693888 7.0710678118654755 4.47213595499958 13.341664064126334 28.071337695236398 40.01249804748511 34.0147027033899 10000000.0 54.037024344425184 53.08483775994799 39.11521443121589 23.194827009486403 12.36931687685298 85.09406559801923 73.24616030891995 50.35871324805669 10000000.0 25.632011235952593 32.89376840679705 82.87339742040264 15.264337522473747 10000000.0 71.386273190299 29.68164415931166 40.718546143004666 28.600699292150182 18.384776310850235 18.027756377319946 41.14608122288197 25.238858928247925 28.42534080710379 23.08679276123039 10000000.0 24.698178070456937 23.345235059857504 10000000.0 43.829214001622255 58.59180830116101 50.774009099144415 10000000.0 10000000.0 10000000.0 10000000.0 35.4682957019364 10000000.0 42.80186911806539 10000000.0 48.16637831516918 10000000.0 43.382023926967726 39.0 40.80441152620633 44.28317965096906 40.44749683231337 61.61980201201558 57.28001396647874 10000000.0 10000000.0 46.09772228646444 10000000.0 50.53711507397311 50.99019513592785 10000000.0 50.0 10000000.0 55.154328932550705 10000000.0 10000000.0 10000000.0 10000000.0 58.54912467321779 10000000.0 10000000.0 10000000.0 61.032778078668514 10000000.0 62.96824596572466 64.13267497929586 63.953107821277925 68.4470598345904 10000000.0 10000000.0 10000000.0 10000000.0 10000000.0 10000000.0 10000000.0 77.46612162745726 10000000.0 10000000.0 10000000.0 10000000.0 10000000.0 85.0235261559999 85.84287972802403 10000000.0 
15.264337522473747 25.942243542145693 14.866068747318506 67.7421582177598 24.351591323771842 49.49747468305833 56.32051136131489 41.30375285612676 26.30589287593181 14.317821063276353 20.223748416156685 54.037024344425184 10000000.0 1.4142135623730951 15.033296378372908 31.016124838541646 42.01190307520001 31.064449134018133 19.4164878389476 5.656854249492381 30.805843601498726 30.805843601498726 24.698178070456937 29.732137494637012 47.29693436154187 20.808652046684813 20.0 32.202484376209235 22.67156809750927 34.438350715445125 49.33558553417604 61.84658438426491 23.345235059857504 70.60453243241541 41.182520563948 51.07837115648854 21.587033144922902 49.658836071740545 10000000.0 37.8021163428716 29.206163733020468 25.079872407968907 27.313000567495326 36.76955262170047 41.10960958218893 30.083217912982647 35.35533905932738 10000000.0 32.01562118716424 42.5205832509386 35.11409973215888 40.496913462633174 41.677331968349414 10000000.0 10000000.0 10000000.0 51.66236541235796 10000000.0 39.81205847478876 41.43669871020132 48.82622246293481 41.0 10000000.0 43.68065933568311 10000000.0 10000000.0 10000000.0 10000000.0 50.21951811795888 10000000.0 52.952809179494906 10000000.0 60.83584469702052 10000000.0 10000000.0 10000000.0 66.18912297349165 10000000.0 10000000.0 60.29925372672534 10000000.0 10000000.0 10000000.0 10000000.0 71.30918594402827 10000000.0 10000000.0 10000000.0 10000000.0 10000000.0 10000000.0 10000000.0 10000000.0 10000000.0 10000000.0 10000000.0 10000000.0 10000000.0 10000000.0 85.0 
16.64331697709324 27.294688127912362 14.866068747318506 66.91038783328041 23.769728648009426 48.662100242385755 55.44366510251645 40.44749683231337 25.495097567963924 13.601470508735444 19.4164878389476 53.08483775994799 1.4142135623730951 10000000.0 14.0 30.0 41.0 32.01562118716424 20.223748416156685 4.242640687119285 31.575306807693888 29.614185789921695 23.40939982143925 30.364452901377952 46.09772228646444 21.095023109728988 20.248456731316587 30.870698080866262 21.2602916254693 33.1058907144937 48.08326112068523 60.63827174318213 21.93171219946131 69.3757882838098 39.824615503479755 49.76946855251722 20.8806130178211 48.33218389437829 60.40695324215582 38.01315561749642 27.80287754891569 24.020824298928627 26.0 36.796738985948195 41.23105625617661 28.861739379323623 34.9857113690718 72.49827584156743 31.064449134018133 41.10960958218893 34.539832078341085 39.11521443121589 41.340053217188775 49.51767361255979 10000000.0 10000000.0 10000000.0 10000000.0 38.63935817272331 40.162171256046406 48.60041152089147 40.26164427839479 10000000.0 42.44997055358225 10000000.0 10000000.0 10000000.0 10000000.0 49.47726750741192 10000000.0 52.172789842982326 53.75872022286245 60.37383539249432 10000000.0 10000000.0 10000000.0 65.76473218982953 10000000.0 10000000.0 10000000.0 10000000.0 10000000.0 10000000.0 10000000.0 70.77428911688199 10000000.0 10000000.0 10000000.0 71.00704190430693 10000000.0 10000000.0 10000000.0 10000000.0 10000000.0 10000000.0 10000000.0 10000000.0 10000000.0 10000000.0 10000000.0 
26.92582403567252 40.162171256046406 11.704699910719626 53.150729063673246 12.041594578792296 34.92849839314596 41.593268686170845 26.68332812825267 12.083045973594572 4.123105625617661 6.4031242374328485 39.11521443121589 15.033296378372908 14.0 10000000.0 16.0 27.0 46.010868281309364 34.132096331752024 11.40175425099138 45.39823785126467 16.15549442140351 11.313708498984761 43.93176527297759 32.57299494980466 33.83784863137726 32.89376840679705 19.1049731745428 14.142135623730951 21.2602916254693 34.92849839314596 47.12748667179272 15.132745950421556 55.97320787662612 28.319604517012593 37.21558813185679 28.284271247461902 36.05551275463989 47.4236228055175 50.08991914547278 22.20360331117452 27.294688127912362 24.331050121192877 48.02082881417188 52.839379254491625 28.861739379323623 43.86342439892262 60.03332407921454 34.88552708502482 33.61547262794322 41.86884283091664 33.734255586866 50.20956084253277 41.182520563948 53.075418038862395 62.42595614005443 42.05948168962618 10000000.0 38.63935817272331 38.01315561749642 58.05170109479997 45.79301256742124 10000000.0 10000000.0 10000000.0 46.238512086787566 10000000.0 61.07372593840988 10000000.0 10000000.0 56.79788728465171 57.77542730261716 10000000.0 10000000.0 10000000.0 10000000.0 73.40980860893181 10000000.0 10000000.0 10000000.0 10000000.0 10000000.0 10000000.0 10000000.0 10000000.0 10000000.0 10000000.0 10000000.0 10000000.0 10000000.0 10000000.0 10000000.0 10000000.0 10000000.0 10000000.0 10000000.0 10000000.0 10000000.0 10000000.0 10000000.0 
41.43669871020132 55.54277630799526 22.825424421026653 37.64306044943742 12.041594578792296 19.697715603592208 25.96150997149434 11.661903789690601 7.0710678118654755 17.46424919657298 11.704699910719626 23.194827009486403 31.016124838541646 30.0 16.0 10000000.0 11.0 62.00806399170998 50.08991914547278 27.16615541441225 61.29437168288782 6.082762530298219 11.313708498984761 59.682493245507096 18.027756377319946 49.24428900898052 48.27007354458868 13.152946437965905 19.79898987322333 14.0 21.2602916254693 32.202484376209235 20.518284528683193 41.14608122288197 19.6468827043885 24.839484696748443 41.182520563948 24.413111231467404 33.60059523282288 64.8459713474939 25.553864678361276 37.64306044943742 31.240998703626616 62.24146527838174 67.23094525588644 36.235341863986875 56.60388679233962 46.861498055439924 44.553338819890925 31.144823004794873 10000000.0 34.20526275297414 62.68173577685928 36.22154055254967 42.720018726587654 50.20956084253277 37.21558813185679 47.01063709417264 44.41846462902562 41.6293165929973 10000000.0 10000000.0 39.20459156782532 45.18849411078001 42.0 43.01162633521314 10000000.0 52.32590180780452 10000000.0 48.041648597857254 10000000.0 10000000.0 10000000.0 10000000.0 10000000.0 10000000.0 10000000.0 10000000.0 10000000.0 10000000.0 68.09552114493287 10000000.0 68.96375859826666 10000000.0 10000000.0 10000000.0 10000000.0 10000000.0 10000000.0 10000000.0 10000000.0 10000000.0 10000000.0 10000000.0 10000000.0 10000000.0 10000000.0 10000000.0 10000000.0 10000000.0 
51.92301994298868 66.2872536767062 32.89376840679705 27.313000567495326 21.02379604162864 10.63014581273465 15.652475842498529 6.082762530298219 16.76305461424021 28.284271247461902 22.360679774997898 12.36931687685298 42.01190307520001 41.0 27.0 11.0 10000000.0 73.00684899377592 61.07372593840988 38.118237105091836 72.24956747275377 13.416407864998739 20.615528128088304 70.57619995437555 10.770329614269007 60.01666435249463 10000000.0 18.384776310850235 28.653097563788805 17.804493814764857 14.866068747318506 22.80350850198276 29.154759474226502 31.622776601683793 19.924858845171276 19.6468827043885 51.07837115648854 20.223748416156685 25.612496949731394 10000000.0 32.55764119219941 46.647615158762406 39.20459156782532 10000000.0 10000000.0 44.04543109109048 10000000.0 39.05124837953327 53.009433122794285 34.0147027033899 10000000.0 38.58756276314948 10000000.0 36.6742416417845 37.94733192202055 43.266615305567875 37.656340767525464 41.14608122288197 50.99019513592785 47.20169488482379 10000000.0 10000000.0 39.6232255123179 50.80354318352215 43.41658669218482 44.14748010928823 10000000.0 48.507731342539614 10000000.0 48.83646178829912 10000000.0 10000000.0 10000000.0 10000000.0 55.14526271584895 10000000.0 10000000.0 10000000.0 58.855755878248644 10000000.0 63.324560795950255 60.0 64.25729530566937 10000000.0 10000000.0 10000000.0 10000000.0 10000000.0 10000000.0 10000000.0 10000000.0 10000000.0 10000000.0 10000000.0 10000000.0 10000000.0 10000000.0 83.18653737234169 10000000.0 10000000.0 
27.459060435491963 16.1245154965971 43.68065933568311 98.73196037757987 54.91812087098393 80.50465825031493 87.36704184073076 72.3394774656273 57.3149195236284 45.27692569068709 51.24451190127583 85.09406559801923 31.064449134018133 32.01562118716424 46.010868281309364 62.00806399170998 73.00684899377592 10000000.0 12.165525060596439 35.05709628591621 5.0990195135927845 61.204574992397426 54.45181356024793 8.54400374531753 10000000.0 17.204650534085253 18.027756377319946 61.18823416311342 49.72926703662542 63.34824385884742 10000000.0 10000000.0 50.0 10000000.0 10000000.0 10000000.0 32.202484376209235 10000000.0 10000000.0 21.02379604162864 53.31041174104736 40.22437072223753 47.885279575251516 24.515301344262525 25.0 47.43416490252569 32.202484376209235 10000000.0 42.42640687119285 10000000.0 36.359317925395686 61.91122676865643 35.4400902933387 10000000.0 10000000.0 10000000.0 10000000.0 10000000.0 53.75872022286245 58.25804665451803 38.118237105091836 43.9089968002003 10000000.0 58.728187440104094 10000000.0 10000000.0 10000000.0 10000000.0 51.07837115648854 10000000.0 54.230987451824994 56.859475903318 53.23532661682466 10000000.0 10000000.0 73.0 57.0087712549569 10000000.0 10000000.0 63.15853069855251 10000000.0 10000000.0 10000000.0 10000000.0 64.1248781675256 10000000.0 10000000.0 10000000.0 76.55716818169282 77.82030583337487 10000000.0 10000000.0 10000000.0 79.07591289387686 10000000.0 80.50465825031493 10000000.0 10000000.0 10000000.0 83.95236744726142 
20.248456731316587 16.492422502470642 33.1058907144937 87.13208364316786 43.68065933568311 68.8839603971781 75.66372975210778 60.67124524847005 45.70557952810576 33.734255586866 39.6232255123179 73.24616030891995 19.4164878389476 20.223748416156685 34.132096331752024 50.08991914547278 61.07372593840988 12.165525060596439 10000000.0 23.0 11.40175425099138 49.09175083453431 42.2965719651132 10.816653826391969 65.37583651472461 8.246211251235321 8.54400374531753 49.03060268852505 37.64306044943742 51.19570294468082 10000000.0 10000000.0 37.94733192202055 10000000.0 10000000.0 10000000.0 22.02271554554524 10000000.0 10000000.0 21.95449840010015 41.593268686170845 29.698484809834994 36.61966684720111 23.08679276123039 25.942243542145693 36.796738985948195 27.073972741361768 10000000.0 33.28663395418648 54.70831746635972 29.832867780352597 50.80354318352215 32.0624390837628 10000000.0 10000000.0 10000000.0 10000000.0 10000000.0 44.204072210600685 48.104053883222775 37.107950630558946 37.36308338453881 10000000.0 49.040799340956916 10000000.0 10000000.0 58.0 10000000.0 45.70557952810576 10000000.0 48.83646178829912 51.19570294468082 51.478150704935004 10000000.0 10000000.0 10000000.0 56.089214649520635 10000000.0 10000000.0 57.48912940721924 10000000.0 10000000.0 10000000.0 10000000.0 62.51399843235114 10000000.0 10000000.0 10000000.0 70.60453243241541 10000000.0 10000000.0 10000000.0 10000000.0 76.00657866263946 10000000.0 78.05767098754612 10000000.0 10000000.0 10000000.0 80.22468448052632 
20.808652046684813 31.38470965295043 15.652475842498529 64.53681120105021 22.47220505424423 46.32493928760188 52.952809179494906 38.07886552931954 23.40939982143925 12.206555615733702 17.46424919657298 50.35871324805669 5.656854249492381 4.242640687119285 11.40175425099138 27.16615541441225 38.118237105091836 35.05709628591621 23.0 10000000.0 34.132096331752024 26.1725046566048 19.6468827043885 32.55764119219941 42.579337712087536 22.47220505424423 21.540659228538015 26.92582403567252 17.029386365926403 29.154759474226502 44.384682042344295 57.0701322935211 17.69180601295413 65.73431371817918 35.77708763999664 45.880278987817846 19.235384061671343 44.384682042344295 56.61271941887264 38.948684188300895 23.600847442411894 21.095023109728988 22.135943621178654 37.20215047547655 41.88078318274385 25.317977802344327 34.20526275297414 10000000.0 28.442925306655784 36.87817782917155 33.12099032335839 34.9857113690718 40.607881008493905 10000000.0 59.90826320300064 10000000.0 10000000.0 10000000.0 35.22782990761707 36.40054944640259 48.16637831516918 38.27531841800928 10000000.0 38.8329756778952 10000000.0 48.82622246293481 10000000.0 10000000.0 47.43416490252569 10000000.0 50.0 51.419840528729765 59.16924876994806 10000000.0 10000000.0 10000000.0 64.66065264130884 55.226805085936306 10000000.0 10000000.0 10000000.0 10000000.0 10000000.0 10000000.0 69.31810730249349 10000000.0 10000000.0 10000000.0 10000000.0 10000000.0 10000000.0 10000000.0 10000000.0 10000000.0 10000000.0 10000000.0 10000000.0 10000000.0 10000000.0 10000000.0 
29.732137494637012 20.248456731316587 44.384682042344295 98.47842403288143 55.08175741568164 80.23091673413684 86.97700845625813 72.00694410957877 57.0701322935211 45.12205669071391 50.99019513592785 10000000.0 30.805843601498726 31.575306807693888 45.39823785126467 61.29437168288782 72.24956747275377 5.0990195135927845 11.40175425099138 34.132096331752024 10000000.0 60.0 53.03772242470448 3.605551275463989 76.10519036176179 13.92838827718412 14.866068747318506 59.413803110051795 47.67598976424087 61.5223536610881 10000000.0 10000000.0 47.853944456021594 10000000.0 67.26812023536856 10000000.0 28.653097563788805 10000000.0 10000000.0 16.0 50.59644256269407 36.71511950137164 44.77722635447622 19.4164878389476 20.024984394500787 43.9089968002003 27.294688127912362 10000000.0 38.28837943815329 10000000.0 31.622776601683793 10000000.0 30.364452901377952 10000000.0 10000000.0 10000000.0 10000000.0 10000000.0 49.678969393496885 54.405882034941776 33.06055050963308 39.11521443121589 10000000.0 54.67174773134658 10000000.0 10000000.0 10000000.0 10000000.0 46.09772228646444 10000000.0 49.24428900898052 51.894122981316485 48.16637831516918 10000000.0 10000000.0 68.62215385719105 52.0 65.0 10000000.0 58.180752831155424 10000000.0 10000000.0 10000000.0 10000000.0 59.07622195096772 10000000.0 10000000.0 10000000.0 71.58910531638176 72.89718787443039 10000000.0 10000000.0 10000000.0 73.97972695272672 10000000.0 75.4254598925323 10000000.0 10000000.0 10000000.0 78.85429601486528 
42.941821107167776 56.302753041036986 25.495097567963924 40.718546143004666 16.55294535724685 23.600847442411894 29.068883707497267 16.278820596099706 11.704699910719626 18.867962264113206 14.142135623730951 25.632011235952593 30.805843601498726 29.614185789921695 16.15549442140351 6.082762530298219 13.416407864998739 61.204574992397426 49.09175083453431 26.1725046566048 60.0 10000000.0 7.280109889280518 58.077534382926416 16.492422502470642 47.265209192385896 46.2709412050371 7.0710678118654755 15.264337522473747 8.06225774829855 18.788294228055936 31.04834939252005 15.811388300841896 39.84971769034255 14.317821063276353 21.400934559032695 37.69615364994153 20.518284528683193 31.304951684997057 62.0966987850401 20.0 33.28663395418648 26.1725046566048 10000000.0 64.19501538281614 31.11269837220809 52.773099207835045 44.10215414239989 39.824615503479755 25.079872407968907 49.39635614091387 28.160255680657446 10000000.0 30.4138126514911 38.41874542459709 46.861498055439924 31.400636936215164 43.139309220245984 38.8329756778952 10000000.0 10000000.0 10000000.0 33.37663853655727 39.35733730830886 36.013886210738214 37.05401462729781 10000000.0 47.50789408087881 10000000.0 10000000.0 10000000.0 10000000.0 10000000.0 10000000.0 51.54609587543949 10000000.0 10000000.0 10000000.0 56.462376853972415 10000000.0 63.51377803280167 10000000.0 64.35060217278468 10000000.0 10000000.0 10000000.0 10000000.0 10000000.0 10000000.0 10000000.0 10000000.0 10000000.0 10000000.0 10000000.0 10000000.0 10000000.0 10000000.0 10000000.0 10000000.0 10000000.0 
38.01315561749642 50.566787519082126 22.47220505424423 47.92702786528704 17.0 30.528675044947494 36.24913792078372 22.80350850198276 13.341664064126334 15.0 12.36931687685298 32.89376840679705 24.698178070456937 23.40939982143925 11.313708498984761 11.313708498984761 20.615528128088304 54.45181356024793 42.2965719651132 19.6468827043885 53.03772242470448 7.280109889280518 10000000.0 51.0098029794274 23.08679276123039 40.11234224026316 39.11521443121589 7.810249675906654 8.48528137423857 10.0 24.73863375370596 37.48332962798263 9.219544457292887 46.09772228646444 17.029386365926403 26.40075756488817 30.463092423455635 25.059928172283335 37.0 54.817880294662984 14.866068747318506 26.40075756488817 20.0 51.86520991955976 56.92099788303083 25.0 45.65084884205331 49.193495504995376 33.24154027718932 23.53720459187964 42.43819034784589 25.019992006393608 51.62363799656123 30.463092423455635 41.773197148410844 51.31276644267 31.38470965295043 47.01063709417264 33.54101966249684 31.32091952673165 10000000.0 44.553338819890925 33.24154027718932 34.785054261852174 34.92849839314596 36.138621999185304 37.05401462729781 49.8196748283246 10000000.0 41.23105625617661 10000000.0 10000000.0 10000000.0 10000000.0 10000000.0 10000000.0 10000000.0 10000000.0 10000000.0 10000000.0 66.06814663663572 10000000.0 66.84309986827361 10000000.0 10000000.0 10000000.0 10000000.0 10000000.0 10000000.0 10000000.0 10000000.0 10000000.0 10000000.0 10000000.0 10000000.0 10000000.0 10000000.0 10000000.0 10000000.0 10000000.0 
30.479501308256342 22.561028345356956 43.829214001622255 97.082439194738 54.08326913195984 78.85429601486528 85.5102333057278 70.61161377563892 55.78530272392541 43.965895873961216 49.72926703662542 82.87339742040264 29.732137494637012 30.364452901377952 43.93176527297759 59.682493245507096 70.57619995437555 8.54400374531753 10.816653826391969 32.55764119219941 3.605551275463989 58.077534382926416 51.0098029794274 10000000.0 10000000.0 11.180339887498949 12.165525060596439 57.14017850864661 45.27692569068709 59.21148537234985 10000000.0 10000000.0 45.39823785126467 10000000.0 10000000.0 10000000.0 25.495097567963924 10000000.0 10000000.0 13.152946437965905 47.80167361086848 33.54101966249684 41.78516483155236 16.1245154965971 17.26267650163207 40.70626487409524 23.706539182259394 10000000.0 34.828149534535996 60.166435825965294 28.0178514522438 55.46169849544819 26.92582403567252 10000000.0 10000000.0 10000000.0 10000000.0 10000000.0 46.22769732530488 51.03920062069938 30.0 35.510561809129406 10000000.0 51.22499389946279 10000000.0 10000000.0 10000000.0 10000000.0 42.5440947723653 10000000.0 45.69463863518345 48.33218389437829 45.044422518220834 10000000.0 10000000.0 65.06919393998976 49.040799340956916 61.40032573203501 10000000.0 54.62600113499065 10000000.0 10000000.0 10000000.0 10000000.0 56.00892785976178 10000000.0 10000000.0 10000000.0 68.0294054067798 69.31810730249349 10000000.0 10000000.0 10000000.0 70.71067811865476 10000000.0 72.24956747275377 10000000.0 10000000.0 10000000.0 75.50496672405067 
59.09314681077663 10000000.0 40.8166632639171 29.698484809834994 29.832867780352597 18.24828759089466 19.72308292331602 16.76305461424021 25.0 34.92849839314596 29.5296461204668 15.264337522473747 47.29693436154187 46.09772228646444 32.57299494980466 18.027756377319946 10.770329614269007 10000000.0 65.37583651472461 42.579337712087536 76.10519036176179 16.492422502470642 23.08679276123039 10000000.0 10000000.0 10000000.0 62.00806399170998 17.26267650163207 29.274562336608895 15.524174696260024 4.123105625617661 14.560219778561036 29.427877939124322 23.40939982143925 13.45362404707371 9.055385138137417 10000000.0 10.04987562112089 15.620499351813308 10000000.0 30.463092423455635 10000000.0 37.69615364994153 10000000.0 10000000.0 42.04759208325728 10000000.0 29.0 10000000.0 27.65863337187866 10000000.0 33.24154027718932 10000000.0 28.231188426986208 27.202941017470888 32.802438933713454 29.154759474226502 30.4138126514911 47.20169488482379 42.5205832509386 10000000.0 10000000.0 31.016124838541646 10000000.0 35.34119409414458 35.84689665786984 43.01162633521314 37.8549864614954 10000000.0 40.162171256046406 10000000.0 10000000.0 10000000.0 10000000.0 45.0 10000000.0 10000000.0 10000000.0 48.373546489791295 10000000.0 52.55473337388365 50.15974481593781 53.48831648126533 54.3323108288245 10000000.0 60.728905802755904 58.54912467321779 10000000.0 10000000.0 10000000.0 10000000.0 10000000.0 68.4470598345904 10000000.0 10000000.0 10000000.0 10000000.0 72.69112738154499 74.72616676907762 10000000.0 
