NAME: Graph
TYPE: TSP
DIMENSION: 20
EDGE_WEIGHT_TYPE: EXPLICIT
NODE_COORD_TYPE: TWOD_COORDS
EDGE_WEIGHT_FORMAT: FULL_MATRIX
NODE_COORD_SECTION
1 1.0 6.0
2 1.0 67.0
3 2.0 96.0
4 5.0 25.0
5 12.0 38.0
6 32.0 1.0
7 42.0 37.0
8 46.0 34.0
9 46.0 88.0
10 50.0 19.0
11 51.0 53.0
12 61.0 54.0
13 67.0 11.0
14 77.0 89.0
15 79.0 22.0
16 80.0 70.0
17 90.0 40.0
18 94.0 49.0
19 94.0 55.0
20 98.0 77.0
EDGE_WEIGHT_SECTION
10000000.0 61.0 90.00555538409837 19.4164878389476 33.83784863137726 31.400636936215164 51.40038910358559 53.0 93.53608929178085 50.695167422546305 10000000.0 76.83749084919418 66.18912297349165 10000000.0 79.62411694957753 10000000.0 10000000.0 10000000.0 10000000.0 10000000.0 
61.0 10000000.0 29.017236257093817 42.190046219457976 31.016124838541646 72.91776189653656 50.80354318352215 55.80322571321482 49.658836071740545 68.59300255857006 51.92301994298868 61.39218191268331 10000000.0 79.12016177940993 10000000.0 79.05694150420949 10000000.0 10000000.0 10000000.0 10000000.0 
90.00555538409837 29.017236257093817 10000000.0 71.06335201775947 58.855755878248644 99.62429422585637 71.28113354878694 10000000.0 44.721359549995796 10000000.0 65.19202405202648 72.42237223399962 10000000.0 75.32595834106593 10000000.0 82.21921916437786 10000000.0 10000000.0 100.72239075796404 97.86214794290998 
19.4164878389476 42.190046219457976 71.06335201775947 10000000.0 14.7648230602334 36.124783736376884 38.897300677553446 41.97618372363071 75.16648189186454 45.39823785126467 53.85164807134504 10000000.0 10000000.0 10000000.0 74.06078584514209 10000000.0 10000000.0 10000000.0 10000000.0 10000000.0 
33.83784863137726 31.016124838541646 58.855755878248644 14.7648230602334 10000000.0 42.05948168962618 30.01666203960727 34.23448553724738 60.4648658313239 42.485291572496 41.78516483155236 51.54609587543949 61.26989472816156 82.61961026293939 10000000.0 10000000.0 10000000.0 10000000.0 10000000.0 10000000.0 
31.400636936215164 72.91776189653656 99.62429422585637 36.124783736376884 42.05948168962618 10000000.0 37.36308338453881 35.84689665786984 10000000.0 25.45584412271571 10000000.0 60.41522986797286 36.40054944640259 10000000.0 51.478150704935004 10000000.0 69.8927750200262 10000000.0 10000000.0 10000000.0 
51.40038910358559 50.80354318352215 71.28113354878694 38.897300677553446 30.01666203960727 37.36308338453881 10000000.0 5.0 51.15662224971465 19.697715603592208 18.35755975068582 25.495097567963924 36.069377593742864 62.68173577685928 39.92492955535426 50.32891812864648 10000000.0 10000000.0 55.02726596879042 10000000.0 
53.0 55.80322571321482 10000000.0 41.97618372363071 34.23448553724738 35.84689665786984 5.0 10000000.0 10000000.0 15.524174696260024 19.6468827043885 25.0 31.144823004794873 10000000.0 35.11409973215888 10000000.0 44.40720662234904 50.28916384272063 10000000.0 10000000.0 
93.53608929178085 49.658836071740545 44.721359549995796 75.16648189186454 60.4648658313239 10000000.0 51.15662224971465 10000000.0 10000000.0 10000000.0 35.35533905932738 37.16180835212409 10000000.0 31.016124838541646 10000000.0 38.47076812334269 10000000.0 61.84658438426491 10000000.0 53.150729063673246 
50.695167422546305 68.59300255857006 10000000.0 45.39823785126467 42.485291572496 25.45584412271571 19.697715603592208 15.524174696260024 10000000.0 10000000.0 10000000.0 10000000.0 18.788294228055936 10000000.0 29.154759474226502 10000000.0 10000000.0 53.25410782277739 56.85068161420758 10000000.0 
10000000.0 51.92301994298868 65.19202405202648 53.85164807134504 41.78516483155236 10000000.0 18.35755975068582 19.6468827043885 35.35533905932738 10000000.0 10000000.0 10.04987562112089 44.94441010848846 44.40720662234904 10000000.0 33.61547262794322 41.10960958218893 10000000.0 43.04648650006177 10000000.0 
76.83749084919418 61.39218191268331 72.42237223399962 10000000.0 51.54609587543949 60.41522986797286 25.495097567963924 25.0 37.16180835212409 10000000.0 10.04987562112089 10000000.0 43.41658669218482 38.48376280978771 36.71511950137164 24.839484696748443 32.202484376209235 33.37663853655727 33.015148038438355 43.56604182158393 
66.18912297349165 10000000.0 10000000.0 10000000.0 61.26989472816156 36.40054944640259 36.069377593742864 31.144823004794873 10000000.0 18.788294228055936 44.94441010848846 43.41658669218482 10000000.0 10000000.0 16.278820596099706 60.41522986797286 37.013511046643494 46.61544808322666 51.62363799656123 10000000.0 
10000000.0 79.12016177940993 75.32595834106593 10000000.0 82.61961026293939 10000000.0 62.68173577685928 10000000.0 31.016124838541646 10000000.0 44.40720662234904 38.48376280978771 10000000.0 10000000.0 67.02984409947557 19.235384061671343 50.695167422546305 43.46262762420146 38.01315561749642 24.186773244895647 
79.62411694957753 10000000.0 10000000.0 74.06078584514209 10000000.0 51.478150704935004 39.92492955535426 35.11409973215888 10000000.0 29.154759474226502 10000000.0 36.71511950137164 16.278820596099706 67.02984409947557 10000000.0 48.010415536631214 21.095023109728988 30.886890422961002 36.24913792078372 58.18934610390462 
10000000.0 79.05694150420949 82.21921916437786 10000000.0 10000000.0 10000000.0 50.32891812864648 10000000.0 38.47076812334269 10000000.0 33.61547262794322 24.839484696748443 60.41522986797286 19.235384061671343 48.010415536631214 10000000.0 31.622776601683793 25.238858928247925 20.518284528683193 19.313207915827967 
10000000.0 10000000.0 10000000.0 10000000.0 10000000.0 69.8927750200262 10000000.0 44.40720662234904 10000000.0 10000000.0 41.10960958218893 32.202484376209235 37.013511046643494 50.695167422546305 21.095023109728988 31.622776601683793 10000000.0 9.848857801796104 15.524174696260024 37.8549864614954 
10000000.0 10000000.0 10000000.0 10000000.0 10000000.0 10000000.0 10000000.0 50.28916384272063 61.84658438426491 53.25410782277739 10000000.0 33.37663853655727 46.61544808322666 43.46262762420146 30.886890422961002 25.238858928247925 9.848857801796104 10000000.0 6.0 28.284271247461902 
10000000.0 10000000.0 100.72239075796404 10000000.0 10000000.0 10000000.0 55.02726596879042 10000000.0 10000000.0 56.85068161420758 43.04648650006177 33.015148038438355 51.62363799656123 38.01315561749642 36.24913792078372 20.518284528683193 15.524174696260024 6.0 10000000.0 22.360679774997898 
10000000.0 10000000.0 97.86214794290998 10000000.0 10000000.0 10000000.0 10000000.0 10000000.0 53.150729063673246 10000000.0 10000000.0 43.56604182158393 10000000.0 24.186773244895647 58.18934610390462 19.313207915827967 37.8549864614954 28.284271247461902 22.360679774997898 10000000.0 
EOF
