NAME: Graph
TYPE: TSP
DIMENSION: 20
EDGE_WEIGHT_TYPE: EXPLICIT
NODE_COORD_TYPE: TWOD_COORDS
EDGE_WEIGHT_FORMAT: FULL_MATRIX
NODE_COORD_SECTION
1 3.0 31.0
2 5.0 26.0
3 17.0 7.0
4 18.0 36.0
5 24.0 91.0
6 25.0 59.0
7 36.0 24.0
8 37.0 95.0
9 40.0 71.0
10 44.0 35.0
11 48.0 29.0
12 50.0 35.0
13 54.0 91.0
14 56.0 94.0
15 57.0 57.0
16 57.0 76.0
17 72.0 24.0
18 78.0 35.0
19 90.0 12.0
20 93.0 14.0
EDGE_WEIGHT_SECTION
10000000.0 5.385164807134504 27.784887978899608 15.811388300841896 63.56886030125127 35.608987629529715 33.734255586866 72.47068372797375 54.48853090330111 41.19465984809196 45.044422518220834 10000000.0 10000000.0 10000000.0 10000000.0 10000000.0 10000000.0 10000000.0 10000000.0 10000000.0 
5.385164807134504 10000000.0 22.47220505424423 16.401219466856727 67.72001181334805 38.58756276314948 31.064449134018133 76.05918747922567 57.0087712549569 40.024992192379 43.104524124504614 45.89117562233506 81.40024569987489 10000000.0 10000000.0 10000000.0 10000000.0 10000000.0 86.14522621712709 10000000.0 
27.784887978899608 22.47220505424423 10000000.0 29.017236257093817 10000000.0 52.61178575186362 25.495097567963924 10000000.0 10000000.0 38.897300677553446 38.01315561749642 43.278170016764804 10000000.0 10000000.0 64.03124237432849 10000000.0 57.56735185849702 10000000.0 73.17103251970687 76.32168761236873 
15.811388300841896 16.401219466856727 29.017236257093817 10000000.0 55.326304774492215 24.041630560342615 21.633307652783937 61.98386886924694 41.340053217188775 26.019223662515376 30.805843601498726 32.01562118716424 10000000.0 10000000.0 44.294469180700204 55.86591089385369 55.31726674375732 60.00833275470999 10000000.0 10000000.0 
63.56886030125127 67.72001181334805 10000000.0 55.326304774492215 10000000.0 32.01562118716424 10000000.0 13.601470508735444 25.612496949731394 10000000.0 10000000.0 10000000.0 30.0 32.14031735997639 47.38143096192854 36.24913792078372 10000000.0 10000000.0 10000000.0 10000000.0 
35.608987629529715 38.58756276314948 52.61178575186362 24.041630560342615 32.01562118716424 10000000.0 36.68787265568828 37.94733192202055 19.209372712298546 30.610455730027933 10000000.0 34.655446902326915 43.18564576337837 46.75467891024384 10000000.0 36.235341863986875 10000000.0 10000000.0 10000000.0 10000000.0 
33.734255586866 31.064449134018133 25.495097567963924 21.633307652783937 10000000.0 36.68787265568828 10000000.0 10000000.0 47.16990566028302 13.601470508735444 13.0 17.804493814764857 10000000.0 10000000.0 39.11521443121589 10000000.0 36.0 43.41658669218482 55.31726674375732 57.87054518492115 
72.47068372797375 76.05918747922567 10000000.0 61.98386886924694 13.601470508735444 37.94733192202055 10000000.0 10000000.0 24.186773244895647 60.40695324215582 10000000.0 10000000.0 17.46424919657298 19.026297590440446 42.941821107167776 27.586228448267445 10000000.0 72.67048919609665 10000000.0 10000000.0 
54.48853090330111 57.0087712549569 10000000.0 41.340053217188775 25.612496949731394 19.209372712298546 47.16990566028302 24.186773244895647 10000000.0 36.22154055254967 10000000.0 37.36308338453881 24.413111231467404 28.0178514522438 22.02271554554524 17.72004514666935 10000000.0 52.3450093132096 77.33692520394123 10000000.0 
41.19465984809196 40.024992192379 38.897300677553446 26.019223662515376 10000000.0 30.610455730027933 13.601470508735444 60.40695324215582 36.22154055254967 10000000.0 7.211102550927978 6.0 10000000.0 60.207972893961475 25.553864678361276 43.01162633521314 30.083217912982647 34.0 10000000.0 53.31041174104736 
45.044422518220834 43.104524124504614 38.01315561749642 30.805843601498726 10000000.0 10000000.0 13.0 10000000.0 10000000.0 7.211102550927978 10000000.0 6.324555320336759 10000000.0 10000000.0 29.410882339705484 10000000.0 24.515301344262525 30.59411708155671 45.31004303683677 47.43416490252569 
10000000.0 45.89117562233506 43.278170016764804 32.01562118716424 10000000.0 34.655446902326915 17.804493814764857 10000000.0 37.36308338453881 6.0 6.324555320336759 10000000.0 10000000.0 10000000.0 23.08679276123039 41.593268686170845 24.596747752497688 28.0 46.14108798023731 47.853944456021594 
10000000.0 81.40024569987489 10000000.0 10000000.0 30.0 43.18564576337837 10000000.0 17.46424919657298 24.413111231467404 10000000.0 10000000.0 10000000.0 10000000.0 3.605551275463989 34.132096331752024 15.297058540778355 10000000.0 10000000.0 10000000.0 86.31338250816034 
10000000.0 10000000.0 10000000.0 10000000.0 32.14031735997639 46.75467891024384 10000000.0 19.026297590440446 28.0178514522438 60.207972893961475 10000000.0 10000000.0 3.605551275463989 10000000.0 37.013511046643494 18.027756377319946 10000000.0 62.96824596572466 88.76936408468859 88.14193099768123 
10000000.0 10000000.0 64.03124237432849 44.294469180700204 47.38143096192854 10000000.0 39.11521443121589 42.941821107167776 22.02271554554524 25.553864678361276 29.410882339705484 23.08679276123039 34.132096331752024 37.013511046643494 10000000.0 19.0 36.24913792078372 30.4138126514911 10000000.0 56.08029957123981 
10000000.0 10000000.0 10000000.0 55.86591089385369 36.24913792078372 36.235341863986875 10000000.0 27.586228448267445 17.72004514666935 43.01162633521314 10000000.0 41.593268686170845 15.297058540778355 18.027756377319946 19.0 10000000.0 54.120236510939236 46.06517122512408 72.00694410957877 71.69379331573968 
10000000.0 10000000.0 57.56735185849702 55.31726674375732 10000000.0 10000000.0 36.0 10000000.0 10000000.0 30.083217912982647 24.515301344262525 24.596747752497688 10000000.0 10000000.0 36.24913792078372 54.120236510939236 10000000.0 12.529964086141668 21.633307652783937 23.259406699226016 
10000000.0 10000000.0 10000000.0 60.00833275470999 10000000.0 10000000.0 43.41658669218482 72.67048919609665 52.3450093132096 34.0 30.59411708155671 28.0 10000000.0 62.96824596572466 30.4138126514911 46.06517122512408 12.529964086141668 10000000.0 25.942243542145693 25.80697580112788 
10000000.0 86.14522621712709 73.17103251970687 10000000.0 10000000.0 10000000.0 55.31726674375732 10000000.0 77.33692520394123 10000000.0 45.31004303683677 46.14108798023731 10000000.0 88.76936408468859 10000000.0 72.00694410957877 21.633307652783937 25.942243542145693 10000000.0 3.605551275463989 
10000000.0 10000000.0 76.32168761236873 10000000.0 10000000.0 10000000.0 57.87054518492115 10000000.0 10000000.0 53.31041174104736 47.43416490252569 47.853944456021594 86.31338250816034 88.14193099768123 56.08029957123981 71.69379331573968 23.259406699226016 25.80697580112788 3.605551275463989 10000000.0 
EOF
