NAME: Graph
TYPE: TSP
DIMENSION: 20
EDGE_WEIGHT_TYPE: EXPLICIT
NODE_COORD_TYPE: TWOD_COORDS
EDGE_WEIGHT_FORMAT: FULL_MATRIX
NODE_COORD_SECTION
1 4.0 56.0
2 9.0 44.0
3 9.0 68.0
4 10.0 71.0
5 18.0 94.0
6 23.0 35.0
7 24.0 24.0
8 27.0 57.0
9 33.0 62.0
10 39.0 73.0
11 41.0 91.0
12 48.0 52.0
13 54.0 7.0
14 55.0 78.0
15 59.0 29.0
16 67.0 73.0
17 82.0 75.0
18 86.0 57.0
19 93.0 45.0
20 97.0 40.0
EDGE_WEIGHT_SECTION
10000000.0 13.0 13.0 16.15549442140351 40.496913462633174 28.319604517012593 37.73592452822641 23.021728866442675 29.614185789921695 38.91015291668744 50.93132631298737 44.181444068749045 10000000.0 10000000.0 61.26989472816156 10000000.0 10000000.0 10000000.0 10000000.0 10000000.0 
13.0 10000000.0 24.0 27.018512172212592 50.80354318352215 16.64331697709324 25.0 22.20360331117452 30.0 41.72529209005013 10000000.0 39.81205847478876 58.25804665451803 10000000.0 10000000.0 10000000.0 10000000.0 10000000.0 10000000.0 10000000.0 
13.0 24.0 10000000.0 3.1622776601683795 27.51363298439521 35.84689665786984 46.486557196677836 21.095023109728988 24.73863375370596 30.4138126514911 39.408120990476064 42.15447781671598 10000000.0 10000000.0 10000000.0 10000000.0 10000000.0 10000000.0 10000000.0 10000000.0 
16.15549442140351 27.018512172212592 3.1622776601683795 10000000.0 24.351591323771842 38.27531841800928 49.040799340956916 22.02271554554524 24.698178070456937 29.068883707497267 36.89173349139343 10000000.0 10000000.0 10000000.0 10000000.0 57.0350769263968 10000000.0 10000000.0 10000000.0 10000000.0 
40.496913462633174 50.80354318352215 27.51363298439521 24.351591323771842 10000000.0 59.21148537234985 10000000.0 38.07886552931954 35.34119409414458 29.698484809834994 23.194827009486403 51.61395160225576 10000000.0 40.311288741492746 10000000.0 53.31041174104736 66.76076692189807 77.41446893184762 10000000.0 10000000.0 
28.319604517012593 16.64331697709324 35.84689665786984 38.27531841800928 59.21148537234985 10000000.0 11.045361017187261 22.360679774997898 28.792360097775937 10000000.0 10000000.0 30.23243291566195 41.773197148410844 10000000.0 36.49657518178932 10000000.0 10000000.0 10000000.0 70.71067811865476 74.16872656315464 
37.73592452822641 25.0 46.486557196677836 49.040799340956916 10000000.0 11.045361017187261 10000000.0 33.13608305156178 39.05124837953327 10000000.0 10000000.0 36.87817782917155 34.48187929913333 10000000.0 35.35533905932738 10000000.0 10000000.0 70.2353187506115 72.12489168102785 74.73285756613352 
23.021728866442675 22.20360331117452 21.095023109728988 22.02271554554524 38.07886552931954 22.360679774997898 33.13608305156178 10000000.0 7.810249675906654 20.0 36.76955262170047 21.587033144922902 56.824290580701486 10000000.0 10000000.0 43.08131845707603 10000000.0 59.0 10000000.0 10000000.0 
29.614185789921695 30.0 24.73863375370596 24.698178070456937 35.34119409414458 28.792360097775937 39.05124837953327 7.810249675906654 10000000.0 12.529964086141668 30.083217912982647 18.027756377319946 58.872744118140105 27.202941017470888 10000000.0 35.73513677041127 50.695167422546305 10000000.0 10000000.0 67.67569726275453 
38.91015291668744 41.72529209005013 30.4138126514911 29.068883707497267 29.698484809834994 10000000.0 10000000.0 20.0 12.529964086141668 10000000.0 18.110770276274835 10000000.0 10000000.0 16.76305461424021 48.33218389437829 28.0 43.04648650006177 49.64876634922564 60.8276253029822 10000000.0 
50.93132631298737 10000000.0 39.408120990476064 36.89173349139343 23.194827009486403 10000000.0 10000000.0 36.76955262170047 30.083217912982647 18.110770276274835 10000000.0 39.6232255123179 10000000.0 19.1049731745428 10000000.0 31.622776601683793 44.01136216933077 56.4003546088143 69.42621983083913 10000000.0 
44.181444068749045 39.81205847478876 42.15447781671598 10000000.0 51.61395160225576 30.23243291566195 36.87817782917155 21.587033144922902 18.027756377319946 10000000.0 39.6232255123179 10000000.0 45.39823785126467 26.92582403567252 25.495097567963924 28.319604517012593 41.048751503547585 38.3275357934736 45.5411901469428 50.44799302251776 
10000000.0 58.25804665451803 10000000.0 10000000.0 10000000.0 41.773197148410844 34.48187929913333 56.824290580701486 58.872744118140105 10000000.0 10000000.0 45.39823785126467 10000000.0 10000000.0 22.561028345356956 10000000.0 73.53910524340094 59.36328831862332 54.45181356024793 54.20332093147061 
10000000.0 10000000.0 10000000.0 10000000.0 40.311288741492746 10000000.0 10000000.0 10000000.0 27.202941017470888 16.76305461424021 19.1049731745428 26.92582403567252 10000000.0 10000000.0 10000000.0 13.0 27.16615541441225 37.44329045369811 50.32891812864648 56.639209034025185 
61.26989472816156 10000000.0 10000000.0 10000000.0 10000000.0 36.49657518178932 35.35533905932738 10000000.0 10000000.0 48.33218389437829 10000000.0 25.495097567963924 22.561028345356956 10000000.0 10000000.0 44.721359549995796 51.42956348249516 38.897300677553446 37.57658845611187 39.56008088970496 
10000000.0 10000000.0 10000000.0 57.0350769263968 53.31041174104736 10000000.0 10000000.0 43.08131845707603 35.73513677041127 28.0 31.622776601683793 28.319604517012593 10000000.0 13.0 44.721359549995796 10000000.0 15.132745950421556 24.839484696748443 38.2099463490856 44.598206241955516 
10000000.0 10000000.0 10000000.0 10000000.0 66.76076692189807 10000000.0 10000000.0 10000000.0 50.695167422546305 43.04648650006177 44.01136216933077 41.048751503547585 73.53910524340094 27.16615541441225 51.42956348249516 15.132745950421556 10000000.0 18.439088914585774 31.953090617340916 38.07886552931954 
10000000.0 10000000.0 10000000.0 10000000.0 77.41446893184762 10000000.0 70.2353187506115 59.0 10000000.0 49.64876634922564 56.4003546088143 38.3275357934736 59.36328831862332 37.44329045369811 38.897300677553446 24.839484696748443 18.439088914585774 10000000.0 13.892443989449804 20.248456731316587 
10000000.0 10000000.0 10000000.0 10000000.0 10000000.0 70.71067811865476 72.12489168102785 10000000.0 10000000.0 60.8276253029822 69.42621983083913 45.5411901469428 54.45181356024793 50.32891812864648 37.57658845611187 38.2099463490856 31.953090617340916 13.892443989449804 10000000.0 6.4031242374328485 
10000000.0 10000000.0 10000000.0 10000000.0 10000000.0 74.16872656315464 74.73285756613352 10000000.0 67.67569726275453 10000000.0 10000000.0 50.44799302251776 54.20332093147061 56.639209034025185 39.56008088970496 44.598206241955516 38.07886552931954 20.248456731316587 6.4031242374328485 10000000.0 
EOF
