NAME: Graph
TYPE: TSP
DIMENSION: 20
EDGE_WEIGHT_TYPE: EXPLICIT
NODE_COORD_TYPE: TWOD_COORDS
EDGE_WEIGHT_FORMAT: FULL_MATRIX
NODE_COORD_SECTION
1 13.0 78.0
2 14.0 82.0
3 16.0 74.0
4 18.0 85.0
5 33.0 50.0
6 39.0 5.0
7 46.0 2.0
8 48.0 68.0
9 48.0 69.0
10 49.0 90.0
11 51.0 56.0
12 61.0 99.0
13 64.0 96.0
14 65.0 78.0
15 68.0 76.0
16 75.0 29.0
17 80.0 19.0
18 85.0 25.0
19 88.0 0.0
20 98.0 65.0
EDGE_WEIGHT_SECTION
10000000.0 4.123105625617661 5.0 8.602325267042627 34.40930106817051 77.4919350642375 82.85529554590944 36.40054944640259 36.138621999185304 37.94733192202055 10000000.0 52.392747589718944 54.08326913195984 52.0 10000000.0 10000000.0 10000000.0 10000000.0 10000000.0 10000000.0 
4.123105625617661 10000000.0 8.246211251235321 5.0 37.21558813185679 80.95677859203639 86.16263691415206 10000000.0 36.40054944640259 35.90264614203248 45.221676218380054 49.9799959983992 51.92301994298868 10000000.0 10000000.0 10000000.0 10000000.0 10000000.0 10000000.0 85.70297544426332 
5.0 8.246211251235321 10000000.0 11.180339887498949 29.410882339705484 72.73238618387272 78.0 32.55764119219941 32.38826948140329 36.6742416417845 10000000.0 51.478150704935004 52.80151512977634 10000000.0 52.03844732503075 10000000.0 10000000.0 10000000.0 103.24727599312246 10000000.0 
8.602325267042627 5.0 11.180339887498949 10000000.0 38.07886552931954 82.71033792700887 10000000.0 34.48187929913333 34.0 31.400636936215164 43.93176527297759 45.221676218380054 47.29693436154187 10000000.0 50.80354318352215 10000000.0 10000000.0 10000000.0 10000000.0 10000000.0 
34.40930106817051 37.21558813185679 29.410882339705484 38.07886552931954 10000000.0 45.39823785126467 49.72926703662542 23.430749027719962 24.20743687382041 10000000.0 18.973665961010276 10000000.0 55.47071299343465 10000000.0 10000000.0 10000000.0 56.302753041036986 10000000.0 74.33034373659252 10000000.0 
77.4919350642375 80.95677859203639 72.73238618387272 82.71033792700887 45.39823785126467 10000000.0 7.615773105863909 63.63961030678928 64.6297145282261 10000000.0 52.392747589718944 10000000.0 10000000.0 10000000.0 10000000.0 43.266615305567875 43.32435804486894 50.15974481593781 49.25444142409901 10000000.0 
82.85529554590944 86.16263691415206 78.0 10000000.0 49.72926703662542 7.615773105863909 10000000.0 10000000.0 67.02984409947557 10000000.0 54.230987451824994 10000000.0 10000000.0 10000000.0 10000000.0 39.6232255123179 38.01315561749642 45.27692569068709 42.04759208325728 10000000.0 
36.40054944640259 10000000.0 32.55764119219941 34.48187929913333 23.430749027719962 63.63961030678928 10000000.0 10000000.0 1.0 22.02271554554524 12.36931687685298 33.61547262794322 32.2490309931942 10000000.0 21.540659228538015 47.43416490252569 10000000.0 10000000.0 78.89233169326408 50.08991914547278 
36.138621999185304 36.40054944640259 32.38826948140329 34.0 24.20743687382041 64.6297145282261 67.02984409947557 1.0 10000000.0 21.02379604162864 13.341664064126334 32.69556544854363 10000000.0 19.235384061671343 21.18962010041709 48.25971404805462 10000000.0 57.48912940721924 10000000.0 50.15974481593781 
37.94733192202055 35.90264614203248 36.6742416417845 31.400636936215164 10000000.0 10000000.0 10000000.0 22.02271554554524 21.02379604162864 10000000.0 34.058772731852805 15.0 16.15549442140351 20.0 23.600847442411894 66.30987860040162 10000000.0 10000000.0 10000000.0 55.00909015790027 
10000000.0 45.221676218380054 10000000.0 43.93176527297759 18.973665961010276 52.392747589718944 54.230987451824994 12.36931687685298 13.341664064126334 34.058772731852805 10000000.0 10000000.0 42.05948168962618 26.076809620810597 26.248809496813376 36.124783736376884 47.01063709417264 46.010868281309364 67.11929677819934 47.853944456021594 
52.392747589718944 49.9799959983992 51.478150704935004 45.221676218380054 10000000.0 10000000.0 10000000.0 33.61547262794322 32.69556544854363 15.0 10000000.0 10000000.0 4.242640687119285 21.37755832643195 24.041630560342615 71.386273190299 10000000.0 10000000.0 10000000.0 50.24937810560445 
54.08326913195984 51.92301994298868 52.80151512977634 47.29693436154187 55.47071299343465 10000000.0 10000000.0 32.2490309931942 10000000.0 16.15549442140351 42.05948168962618 4.242640687119285 10000000.0 18.027756377319946 20.396078054371138 10000000.0 10000000.0 74.04052944165107 10000000.0 46.010868281309364 
52.0 10000000.0 10000000.0 10000000.0 10000000.0 10000000.0 10000000.0 10000000.0 19.235384061671343 20.0 26.076809620810597 21.37755832643195 18.027756377319946 10000000.0 3.605551275463989 50.00999900019995 60.876925020897694 56.64803615307419 10000000.0 35.4682957019364 
10000000.0 10000000.0 52.03844732503075 50.80354318352215 10000000.0 10000000.0 10000000.0 21.540659228538015 21.18962010041709 23.600847442411894 26.248809496813376 24.041630560342615 20.396078054371138 3.605551275463989 10000000.0 47.51841748206689 58.249463516842795 53.75872022286245 78.587530817554 31.953090617340916 
10000000.0 10000000.0 10000000.0 10000000.0 10000000.0 43.266615305567875 39.6232255123179 47.43416490252569 48.25971404805462 66.30987860040162 36.124783736376884 71.386273190299 10000000.0 50.00999900019995 47.51841748206689 10000000.0 11.180339887498949 10.770329614269007 31.78049716414141 42.720018726587654 
10000000.0 10000000.0 10000000.0 10000000.0 56.302753041036986 43.32435804486894 38.01315561749642 10000000.0 10000000.0 10000000.0 47.01063709417264 10000000.0 10000000.0 60.876925020897694 58.249463516842795 11.180339887498949 10000000.0 7.810249675906654 20.615528128088304 49.39635614091387 
10000000.0 10000000.0 10000000.0 10000000.0 10000000.0 50.15974481593781 45.27692569068709 10000000.0 57.48912940721924 10000000.0 46.010868281309364 10000000.0 74.04052944165107 56.64803615307419 53.75872022286245 10.770329614269007 7.810249675906654 10000000.0 25.179356624028344 42.05948168962618 
10000000.0 10000000.0 103.24727599312246 10000000.0 74.33034373659252 49.25444142409901 42.04759208325728 78.89233169326408 10000000.0 10000000.0 67.11929677819934 10000000.0 10000000.0 10000000.0 78.587530817554 31.78049716414141 20.615528128088304 25.179356624028344 10000000.0 65.76473218982953 
10000000.0 85.70297544426332 10000000.0 10000000.0 10000000.0 10000000.0 10000000.0 50.08991914547278 50.15974481593781 55.00909015790027 47.853944456021594 50.24937810560445 46.010868281309364 35.4682957019364 31.953090617340916 42.720018726587654 49.39635614091387 42.05948168962618 65.76473218982953 10000000.0 
EOF
